100 100
640800 926634 535278 988267 681173 129407 593243 549389 586323 348654 733329 189251 173411 81636 106003 616454 116613 265141 485493 569029 237750 903566 562002 896551 108327 98489 598957 500774 518948 899603 356411 968662 658241 47677 506376 945822 660502 695651 616665 84517 717365 664061 572522 243561 211477 11116 191478 398659 442337 603068 756254 725629 580634 801654 314409 534124 772545 925687 768286 527275 294650 887956 554464 783268 742019 257313 266651 139690 9772 852275 683829 463401 335491 321490 595729 477168 232181 425787 43275 118629 671643 554028 183656 567165 163015 194452 946095 707862 497475 887421 787941 208042 312864 755509 819531 378192 646611 875885 923141 882177
3 55 613409
2 70 804102
1 60 444252
3 30 189908
3 87 840843
2 66 555106
2 49 512753
1 4 801426
1 94 155701
2 87 660289
2 33 99856
3 9 165713
1 99 907431
1 58 808861
1 89 233982
3 6 940252
3 85 565658
2 67 603467
2 22 453372
1 9 191304
3 92 538270
1 4 901088
1 22 475891
3 35 664735
1 1 247341
3 09 937975
2 40 775894
1 81 353879
2 68 798920
3 6 819032
1 29 350376
3 3 801328
1 63 253951
3 16 338711
2 2 171833
1 21 92741
3 57 842122
2 6 361920
3 31 183934
2 42 281995
1 34 748216
1 65 103250
2 15 61845
1 75 682461
2 88 501462
2 66 324879
3 43 299944
3 61 514091
3 35 719852
1 70 846396
1 12 620440
1 8 840491
2 53 328563
3 84 260148
2 7 797690
1 49 588708
1 89 981910
2 11 772960
1 33 563276
2 96 73963
1 92 152547
2 50 57714
1 32 770718
3 55 463627
2 25 987075
3 35 851696
2 45 567699
1 24 617802
3 20 359136
1 26 363114
1 8 695799
1 44 586844
1 88 838687
1 53 634477
1 5 939819
3 12 743795
3 100 287208
3 23 181763
2 58 685020
2 80 316360
1 2 982988
2 34 476699
1 91 852527
2 30 582066
2 64 531763
3 73 414473
1 19 711285
2 9 447719
2 100 1740
1 1 176682
3 30 429998
2 8 604899
1 24 757383
1 55 403826
2 24 774821
3 31 582307
3 26 857374
3 5 319015
2 78 598682
2 1 894866