999 1000
518778016 522177
-532678927 -474439
668973126 954958
694018631 -126031
-671050252 761130
724913259 -163231
-595515122 -497224
810887836 -874061
-636999310 902810
-121964858 54649
-954410296 -33923
-244289122 -452549
596258997 545421
-906254153 311518
877323557 684956
858576314 905396
7596828 -661588
-996110065 415808
927291642 905595
-12587558 173707
-764747858 493316
-547089583 -582259
606923342 686482
51648903 -226895
-696519611 451738
-191622145 651236
-730891057 485645
-677648185 978660
-241382695 -87227
-790362633 231052
-165720042 485352
-440237296 587513
-532662707 406576
-358876105 -735631
310762130 -531741
675064476 544739
629058995 285451
705726638 786978
-279765893 618460
-409687073 378179
28122300 -547739
954248147 -495113
-554837668 -30821
797420433 -834423
937748205 -67918
-502011597 -705976
120820441 921493
980349761 994599
700588552 619104
-255101066 -39806
-220850221 -532795
413238565 108104
-828319385 -695605
600890302 -521055
-919046542 676
-58623921 -909667
-444638622 819985
-695256676 -181380
452049095 -678166
-148421392 -392104
673986075 269875
-418468139 88954
904840342 -569652
-697032581 990614
-933668197 -745789
90097038 42204
-541954024 303759
-237605029 -30688
-123481637 95841
-698020201 86357
330162386 -35030
-148531590 767577
-440774536 -596926
490789520 -476734
272108226 -438191
-297952545 -253030
695256578 -890795
753449455 -386666
-311170582 -176378
319457288 -69783
952860544 634203
576545842 98973
-766029503 44639
-768562450 605516
524076099 231683
-836926019 723770
43505019 -545614
192468182 -733515
489739063 973127
-871428056 -258166
-753926308 -518324
404533309 -2086
-932911329 410275
771917544 -474101
695374310 -440664
-567501975 325473
202500679 -105778
-614763923 -526464
-810040117 415451
235557411 -30658
-172920520 -216929
-369917587 800567
-980760581 -307842
767210850 785819
187465209 950736
777491632 -445718
361540553 -872417
223124799 435251
143894767 101201
392092482 -451883
-54864705 -83271
63703441 -740718
126437915 463602
-376584444 741646
849189295 -993865
453105898 -356976
509575665 -6203
950736101 726130
-601474561 -441509
938040506 -128731
537964815 -514391
-157665983 819649
-27083363 -18470
-642372784 173294
296459445 379315
-347277888 -947465
-439442989 155381
516533048 -776165
-498219410 543997
611378312 -466406
-830670161 771794
202400487 565032
-987301934 -482795
447422132 -170299
646545150 -214357
79143702 -69702
736375761 158473
-321898167 -337480
131007438 -391603
-549591936 196716
-562083656 -342597
856937812 -411005
57683687 529643
-905420650 -213828
-233034337 700458
356697905 362692
721107421 -26441
618852960 -21116
868735217 -427792
-432768059 954140
773796701 -550321
-851940725 249044
-396718442 614599
363287165 251185
293305559 -841144
137766578 519755
295131721 27599
213895414 -245314
156123066 -517106
-450990417 -285104
242416364 533188
471822166 -804912
410193905 -409578
-820523347 534913
537152178 388390
204028409 352651
-57775494 955949
-813984614 902007
284379065 -528882
369999975 -994714
152554060 -597483
-207077854 761209
722230663 -998640
680665161 40010
-747868175 846463
-82936063 -451565
-883992443 643542
387469136 -457369
-168965850 144353
999580156 315482
-605174598 -555603
366899197 181845
-38459126 -674054
-604381756 -720138
-51260654 342093
-620478683 -64429
-225252575 -830426
-712340054 -192798
592260605 -82105
-239798994 -406279
-271705973 -263468
-613592311 -86801
-855014602 987150
-808374434 841647
-623389684 25209
753314975 -408570
-645706269 74822
845573838 -576257
432279391 607867
321665531 -265532
370319480 -853061
530538079 357570
666570920 520672
-2694880 -694306
-324891902 -575457
-150645166 369898
-19259367 933044
851245575 380904
766751150 598877
-948987677 934060
858867209 -79329
-38831583 417720
376626942 -693800
-784421906 -732530
853658860 958469
-71171119 -850610
-604230098 134847
129326342 258406
534910069 -528568
-765909076 905447
-113995041 -677121
764721883 527597
119533024 465332
-115130341 207835
-508863354 -960760
-46652890 708290
442430768 -145843
172017295 -575885
998645632 -484126
824315248 406946
279161723 216361
-384657041 -361050
9869947 939424
762146522 741619
-26244965 405264
-860951984 -513336
118107346 -698427
632021711 333785
-281321415 -584782
814839221 -773012
-508797932 -265310
951985219 570668
823775725 -468945
616751466 873131
951787197 -249114
-389477615 -386169
484506910 794621
136362069 632618
-619481975 702718
-926519751 643085
-376411170 347969
-88021569 -957106
644619493 -614292
-319234506 -87932
-16064421 -292225
-147597032 -438686
-1826396 -341304
-112842546 295828
-497882189 -82141
769576917 -469392
-216715949 -606364
948127662 80059
-185246066 494416
355704723 992850
-587675455 -234879
-56364071 -873688
-998021735 -346411
676493930 600074
230848509 119953
14084779 515256
894829508 -276894
975792539 471060
955242137 -291393
629815124 263671
-409333586 -957032
-242621897 488555
-16291595 -813186
-966677959 -713396
716651349 -57359
-808463171 -172928
71138917 -102186
676415654 -591477
24651567 -502387
450907846 229699
909125682 426197
-803705380 132799
-331421587 346336
-403073656 214362
-510372574 -582177
259635540 308620
723493396 -173725
-692051764 640434
759275372 -800666
781461007 -257607
-644125305 -71070
-6045430 615783
589954476 565791
772206605 850533
-802080972 459238
-704490489 204656
-219003260 -212008
-594173927 -586747
230947549 -804044
-75046107 -946824
-393192069 -221563
-577983239 695236
367324786 662410
-821583872 -754065
-773158223 -55663
651090243 -450948
-770460698 -558499
401350236 168364
251207753 -734057
-121239890 290320
-285514948 -607344
-143847009 -884500
-475197802 10700
-858943096 799618
-184019845 -644174
197907237 437135
-397820143 589106
-658105579 -149534
614218997 -973107
346087484 167804
-760180564 -718796
-779920721 -477699
151096907 22749
925445579 -705691
-408741063 340516
14726965 708539
-551555374 289368
-274094412 272300
751490711 -58391
-35339155 306813
-49411715 54508
-898138856 586709
-603059128 -133960
940711706 673641
-346774588 -644800
-885116034 -19411
-306871594 712156
-329783467 419108
-122322656 -918075
-583498737 -934405
802221806 -225774
-246219654 -907216
-340549418 839598
-107307632 -284693
688680464 -776279
-774779001 541861
837259782 827152
228570646 -706065
113781128 255014
374446224 -903646
-925866660 -357755
345016931 48266
576911496 -547427
-5405862 373344
-708311781 -339204
-715666753 227519
762394251 673965
352620693 157881
-568757613 -287190
-634746167 -505619
44644344 3820
-334406989 -968676
171085268 424235
192256250 917163
620715489 -102111
256600936 -573672
970043443 -606949
-180910562 707109
942099917 370640
-283151803 -78951
-676907428 174910
467093290 934989
226930577 -426275
-281319416 -246082
-605593635 -726491
58824030 338673
-745907240 -371203
-905427117 -941475
184344011 -619358
-19155957 -632998
-565029764 -75781
671759601 -880795
48770427 -127268
-644535825 -962987
388048454 390422
779453070 140696
-804220190 96012
340344473 247815
312185897 801933
-519934993 -506425
-627320668 -594476
106505951 986662
452557067 888951
-487409448 -758102
-418425229 -985858
-595953665 -453864
-831594971 -129067
-938822929 631718
-370314123 -338076
-895846073 -335730
75309039 -182944
-137021128 -186367
266852892 484050
485572088 547438
430081696 516504
-541712503 -44068
-521784457 -279208
321500516 733362
-588938619 -834343
207455651 -605220
-87388102 -688274
-585842241 -82075
-792077072 -239925
364385120 766525
631291003 -501596
964532550 491098
526221758 -869366
-693220214 -732661
-31674950 -422779
303943761 743794
-602999450 500376
-122057864 523279
910477409 -561832
25276459 93830
-73398494 -791622
816513941 733012
345561568 317435
95764423 -818249
-844889630 170180
829361066 -116098
290909091 507646
-499928472 -250816
914186296 -489883
-348806556 539974
-363387001 193572
-941746046 68098
-285864948 -735548
-256336190 -785314
761399670 300414
101289963 -618514
74740657 -664718
-551356270 -856226
-382640002 166832
995634239 -469904
602899137 -146513
-624463442 121615
10880423 -642193
114627297 -315635
-861557992 282488
11662931 435449
-65801733 -464796
80591784 -866139
-132396692 -884023
214828006 888311
201933501 309271
244849838 -390455
-253798714 626223
-101040493 667560
-472218192 590731
-506931233 642602
-891405866 -971753
129464919 -456445
-268084843 -139756
-55803085 -662329
585888885 290470
-198849043 -710852
99318219 119857
918559949 201272
-388610573 105058
637332202 964800
-473813458 947843
394228668 453884
577146083 531693
27080972 -137952
-860798374 -279457
226716237 -769326
-604001747 720810
-865191984 -297330
-416406817 248016
683035317 -861231
-935853821 -102131
976854505 560398
402031537 -1945
-225941159 -361694
-991793178 89454
126352714 -356864
453895328 -765449
-421394543 825189
815767482 887301
-29940707 -523288
33106791 -526286
-829644414 201917
534043626 392604
882599007 -188019
109996681 510293
-770323958 -477127
-619881044 -167512
-178452440 -482953
-700296098 596270
931407437 146944
-871376651 -41078
-774820431 -251325
416608588 174404
-796643550 -168828
481084514 -74502
-97665748 755052
574191415 83983
688809102 260088
883815159 -324143
-266660076 739006
-112057491 60290
244369994 -758989
-13021227 614609
-3457517 -390073
-251634646 -585752
352218281 794377
-952724733 -56546
867386038 -517496
-262812461 -611904
-381434026 -83819
-269281911 -392493
893424104 667813
778794324 297674
-393009040 -32677
-231832487 -615072
-437695624 -886628
26779728 22588
-948264271 86853
-471971538 -581965
545624809 183333
111793697 -777904
750640098 267701
270515612 124456
140489066 -339996
249774260 -881818
305573940 -106506
-905396351 -444876
247259113 -728949
-974827296 650545
145975028 -241516
-716520651 559415
374837526 589375
261308627 -481107
-746641338 -978869
-703092089 -508453
786989368 137074
794642097 776763
-171734196 770660
26426889 -904167
994435497 915259
690466386 57159
774804861 395867
148637241 -914505
690571038 -157445
297977900 -339323
818989687 555812
-356184596 -488936
-888101697 408070
631242058 834383
423581482 207240
-460161697 428514
502188598 -463568
682592059 889146
361291709 -486770
13459543 923339
-115503913 -824334
684097051 -531749
-220229238 -520965
417721732 -325804
-361444738 -705263
744208209 665033
-582708553 -727095
-552722399 -531067
582029848 -571648
722261663 -345824
-651006711 -260651
-981274379 579357
-921872394 -611857
-257456383 781442
-476185287 65265
-948133103 889573
-659389625 585773
-187847434 -388184
812892164 -610912
233022357 413024
143185247 112530
-506564057 197469
365300343 -727080
-703296086 906256
-266801834 628607
-63288180 -568215
-62645679 382581
874943405 324491
-103665695 -81628
-977852066 -465432
-880529514 644663
-923018084 -832192
-991442663 122166
710918267 -77105
-45442506 -897406
301886248 228091
618594924 690633
830530016 459564
242397956 748192
-942195182 260296
395350012 -672225
700524614 17076
861894662 77034
-463811344 -488869
-649159549 55423
-933799536 634624
553037909 -295539
151190058 20086
364504588 -893470
696496109 93089
768361912 -993367
768498212 529751
708558179 -970589
-350169317 -44905
217654148 191033
-39704348 645871
-294249766 301346
740443657 481905
-271607179 -116987
874588413 -936912
55742478 950442
621420247 -366426
72244915 208156
898150162 -31428
94066488 -583860
-309463668 188382
93827452 -555583
-308163490 -527856
893352447 -111406
-647500569 152217
457795085 -582210
775453401 137473
-737383950 550018
-589575869 -327822
595958311 783628
-434656217 88741
21169275 -418930
-386427464 998865
-22596037 -42067
-828815975 628408
-269418830 759857
-851898688 -98840
108078379 954089
991589755 -562456
-549617291 -47890
-142950856 455863
-730659914 629082
562506964 32527
-147961892 827912
708083500 -981255
-55712440 -439514
685902478 -160543
-465414455 311192
729317198 955639
884116190 174978
186332944 -735915
-459299035 141977
679166218 874188
403127096 -434456
80718607 -711666
-204114420 416196
650304952 136874
93173725 221438
601879288 884688
143509111 855247
-115916209 359111
644208209 940524
-970723395 81303
-965224774 189207
-137017364 -165287
704010527 -831834
213524174 457221
211085739 -41458
-98777000 -53511
59577762 -140222
-720358207 853282
231225164 126928
-28436377 -205796
329413003 496850
414066050 -393512
-234864932 325659
-375624306 107444
40567113 -897795
-777008647 266417
-302179443 -480635
-425105387 -808816
-267518865 36887
-163540450 -809022
-517383555 962097
277477476 -534530
686479722 -500514
347711402 298985
-870252001 -43640
-908994717 -972972
-19279469 -258195
-606561362 -99621
-212053711 -103749
-415825532 -955919
789512812 568394
297400428 563109
-834957487 37590
104594162 921885
443612377 79569
-709644422 -293057
-702694829 -939889
656216826 8921
-141317507 331540
-775412008 -657278
-749195258 -969069
-202936679 24946
272947347 -376621
485407735 818671
123562310 -309227
842697324 132922
-395989048 399913
251885189 -565751
917197957 -790426
94461665 -260436
-569413147 892165
-704461604 923394
115794752 -533754
355635883 461900
-464302626 733704
644144901 -248297
-938999173 -510570
214868946 6012
-950399795 -992083
730480876 150845
-763758684 897682
400499912 173837
352084158 743299
-512374881 -289820
-610672700 -440474
-296968914 139971
-119892817 -693883
-161123088 -906386
798760020 -835389
-190276589 -958370
-761986283 -272473
-443421420 704486
802100568 157002
828570340 431377
838395546 982819
-663225056 558437
650334012 -200151
-439667324 -669778
-795435970 785006
746423007 77310
238873177 -617590
-521037517 798921
301209496 -286347
-277967713 -898430
-255571938 909056
707495439 532195
513458736 -966904
249441703 965356
-263687805 33680
-699729012 -912685
-650508231 888079
731855702 950152
-428862590 -100786
630697024 363534
-479937492 -226476
691809984 -105611
815469496 531317
555568437 -257122
-128972324 954078
-97919096 809374
321610282 817514
893709306 -410260
365857887 334216
703441640 493961
-942869782 -787501
218586930 500523
131758522 32025
-819724746 280534
-591657705 914773
-991687916 547498
-372817852 -933527
250476208 -181339
439870514 162854
-971947939 -496611
885546586 -854393
-593180906 68546
303428972 -240318
299170415 -405317
-834130071 -467931
-430648219 867486
237246522 185831
736468415 235797
590691028 -195280
-379348884 186443
869297849 515566
-519430774 648730
-382018642 -129877
-297951083 -23935
-331794481 -900830
-732800734 218462
943668902 828660
808370773 59205
-480169117 781581
259113609 86002
-381838204 639819
-202633466 131106
238524468 475917
-205367663 227932
693184199 -74713
-644482411 135009
-748618589 482071
952205599 -938856
605670550 -392607
450968618 -437985
368279066 786344
-801225719 176460
238180442 285060
-849478525 46374
-641236444 420210
-322775610 -891316
-825982822 219934
-270144416 -209186
34996886 -522140
-870831424 55120
-301243453 -325462
-252651011 -421225
-748211664 9459
-877149558 101580
831887910 229609
632526675 -578170
-9801903 518911
709849047 -254436
569686214 722203
377755950 -15664
556329749 697658
231857175 496696
162039653 -647066
687237045 -241464
-152851858 -698026
-242523611 -815943
470895378 702257
635662849 269321
-515061088 -793118
-351228310 -636474
-886393284 577219
443026891 896018
623588565 589316
87889289 610522
-175203274 44875
-847359559 -506099
584502770 922554
-122937807 729231
-64531942 388217
970162771 532162
-121571263 143124
-808520357 576389
705825809 823353
-227659301 886840
136278620 -94373
502830105 -235095
-535893291 -811406
442798278 964339
-446561046 178680
614499825 454127
364014861 870431
457859058 -684082
-735078021 -305864
-470626275 -674054
-700887646 -334157
889359497 -922406
-694750112 141119
804318364 -561794
601030439 -990831
-345291521 -984411
800252319 -354396
624472563 -933078
25012245 -714057
15598170 -584881
700029604 773444
184005988 -996711
-521707095 996145
560058831 185510
-151411916 -51918
-645998213 80023
-4841505 -135731
-638767695 601045
-369893651 283502
970257441 689400
-751557014 235627
-893374351 -910647
711619773 -781718
-373048795 -704825
588034710 -740782
-784381201 -176675
-321510432 -430254
-780217695 -320373
-373821408 -277160
-595007704 -560499
-589279604 651496
203434312 -623084
151751147 240000
355821837 9435
-964376218 -390354
237958981 386371
509443980 -43750
-178111034 -842438
413411335 -640741
80074789 -240706
743420563 -212521
-349722044 -833042
-344206215 -565970
-483773080 -668626
565849307 -312882
244701087 376264
-70445171 -849282
233769733 518777
-607658210 -36075
-404321578 -70679
500159720 -603368
794244997 70908
-748872120 -284185
-699825614 -33063
841554871 153000
-599914956 -594301
-275832764 56964
844855046 761914
-837067587 -171894
817623961 855825
-851723168 351319
992325166 719773
-400699920 478647
-680758365 -445256
-807817242 294600
393621442 -165832
191485652 -809677
-630744357 -319812
-685356154 933479
185957397 454945
34584435 -226371
-497788260 -498730
-747180058 907325
932079779 105588
275969359 -320635
-381387283 -887981
-654267746 443368
896758388 -546320
97257894 -188154
-337887677 666792
-811382236 904064
977611963 907098
-281558593 283766
273924786 383941
-927710160 -486024
665014506 108083
193018588 620258
42856283 -974666
-617604813 -336559
449145084 -582976
-469782741 24900
536101370 -511907
205868785 -969952
29958015 -492703
-305595895 113935
540122191 -293560
-964184459 -430203
474534441 -962986
595313570 670983
-557796447 467781
114904769 292162
-710386048 559962
197035515 -124721
-960012925 -233705
422906432 -162574
-893699417 401501
797673951 514752
-260848822 -555471
-223541999 -132886
-267681795 953167
355540569 589622
246114464 -827373
-749127853 702552
579700761 438376
-870109726 -500425
996663731 -216718
810457490 536620
952451491 -612124
-622322198 663884
348193709 981683
959107339 -876250
797541428 -332815
961924814 -656473
809251529 229628

460 209410
790 73938
326 617633
966 -965408
28 792727
331 679131
480 354162
710 -535545
698 143490
347 -179612
618 229917
249 824616
768 -869403
625 -241009
215 963308
761 -388445
876 30269
255 621121
429 -31816
984 542325
119 211316
584 -923275
944 -351515
65 417478
229 -951967
457 -902483
41 -78101
476 -614144
648 -375893
224 -156411
428 835054
636 -25368
814 35009
140 -498161
576 640287
504 -434058
57 -297075
810 -401265
422 245974
849 905384
186 -776888
886 -474917
844 793638
375 -873828
445 773101
275 437418
456 915968
83 920618
782 31716
629 -781328
296 -647470
709 336717
732 -726465
671 -863958
363 21428
2 264275
608 304899
834 274195
920 108242
238 -185169
511 947220
203 -129674
991 -811325
777 -667953
847 305354
729 140334
468 -891372
239 -60658
976 523806
338 -773894
351 325211
681 -229069
904 408024
505 -256430
905 457227
10 574483
437 -40754
148 -352706
798 -728263
461 42468
63 712580
187 89335
46 -923455
618 52837
634 410410
400 898350
214 -823171
678 147068
784 -687402
923 547608
461 -18215
872 -857151
984 359903
681 414806
863 -122216
823 -261426
44 -135424
783 133471
285 -884883
571 571417
526 476762
73 905645
104 679350
893 762106
346 821229
181 -151262
771 247932
959 422677
144 702456
81 -847447
321 -245017
666 -521825
498 828816
213 487563
512 591639
770 714072
592 69319
940 -181598
809 832120
728 163363
535 666169
823 -568679
511 -288966
301 -28947
843 684301
107 903341
82 -338393
365 -877222
866 -158573
909 -673187
280 -968298
213 -723141
19 -49059
922 -700627
928 -40397
480 -275230
584 833520
957 -386588
218 237098
77 -609906
566 -332255
407 523603
535 162309
150 194150
903 914615
533 304627
537 922226
459 429983
357 645289
545 32169
888 454937
537 878921
270 677382
129 -386079
631 -471013
851 435988
315 39438
635 170300
884 -757003
104 413797
502 -745622
908 -470678
94 511504
408 413135
495 -95701
628 404518
588 967489
351 476746
305 -446673
984 -167735
127 -354517
437 -235230
702 157785
150 -913057
680 840927
25 557284
839 763073
521 -248072
976 -958516
16 321851
306 -814975
532 -660126
593 807991
842 217875
840 3334
354 -949515
619 302308
631 -626896
12 -620142
793 -282785
132 63864
209 548405
998 -290926
379 550157
260 410900
653 -367326
6 -695237
99 -951320
996 -541268
594 -40753
278 -27154
768 -949516
880 968682
364 565601
553 553137
833 -358365
7 -817137
415 679660
575 -835571
820 -18163
991 -35708
91 -856232
291 767038
421 -787835
515 -747351
875 -790022
921 -319754
290 -814493
218 218362
215 -657236
652 351390
33 656109
349 998877
651 -451503
234 -576854
165 -225078
977 -631611
827 842202
946 -652594
710 794970
942 315807
786 442579
266 -231095
645 -585485
526 424384
309 -359924
488 -817440
163 -431563
609 565383
794 817005
160 286730
502 39224
732 -263708
409 15748
650 420889
623 -214762
33 -364311
97 -877016
4 -913293
849 145950
391 792277
244 614632
971 480970
466 -459920
620 -905073
730 173416
555 -318501
581 204345
529 -875999
286 -894982
77 -993014
171 -40099
270 987989
703 533799
235 496050
161 69826
297 971082
92 -273218
729 -961022
614 -560077
559 -533954
788 -289233
360 215164
129 547893
740 342310
581 577799
801 -65725
719 242411
315 -806112
904 156966
186 -876586
986 992992
885 295855
28 -154602
661 345357
125 -767945
503 941770
425 27531
585 585676
810 -600684
601 -41723
981 30932
219 569980
804 -868562
411 24978
952 160416
326 173586
171 -633151
949 857361
169 -778284
59 644918
177 -496160
18 -438715
827 881563
136 -474598
548 -83940
721 -596304
156 18091
27 -717496
677 816749
731 248129
956 915040
754 735677
60 -390626
931 555468
208 -559726
899 -246900
966 -440282
71 103285
725 -581029
224 886437
438 8666
320 902396
618 518665
532 -478946
480 254699
998 -396203
625 14844
906 -946379
453 707439
416 -154444
295 500578
120 131220
215 458479
656 -804705
382 626532
652 -238918
845 632363
964 -260966
172 217299
803 600748
253 -168595
556 -116964
619 -920709
207 207791
735 641457
928 951451
933 750510
453 249583
275 915701
243 348895
338 939592
895 -263716
198 -385253
225 -556373
552 875267
857 -781027
785 -71162
831 -148223
563 -884872
799 84288
418 243361
805 -142235
547 -412288
264 -839561
635 -117217
571 -821800
348 98312
943 -611740
509 276883
518 -86939
85 193107
809 110643
716 621511
67 345196
951 928843
553 -378778
101 -958546
779 -815025
30 665043
355 676778
537 895749
75 661405
991 522812
314 -651655
29 -517956
53 -11322
159 -24727
56 -895266
747 -582149
895 660110
244 932151
59 190857
566 -531632
274 93517
883 -839563
355 -838216
541 -523759
416 -759798
531 -411955
948 582496
161 322491
417 -205907
122 843683
884 327880
690 -886418
579 985571
489 -32393
343 114428
727 -912139
388 352526
798 170666
728 903948
630 -967846
661 697230
840 -132596
411 204611
624 496713
697 -255491
666 46213
241 -781112
601 -500510
173 73439
505 792819
997 816891
524 129860
394 792611
961 104017
927 -23070
838 -680593
859 580928
156 274387
171 691248
526 -230932
656 -733621
862 -338737
630 -127155
565 596641
539 -515726
919 390186
799 270556
299 472661
433 401459
936 -527099
588 -825602
234 400355
799 255291
337 -965874
163 323962
867 794668
700 -776205
203 551827
149 -325402
236 292914
897 -955813
535 -245849
58 -789127
347 -406234
609 -147237
829 -748200
157 -611211
321 -251473
162 815323
250 -386472
352 636422
855 634482
488 392
598 -306299
33 944460
19 235290
80 -435939
349 -661289
491 -309306
591 447445
887 2348
37 -396519
973 -520509
346 -464772
16 -260517
269 -207611
632 98919
308 98359
489 -931538
954 58845
517 279465
776 86935
443 -189804
819 -756497
717 297503
237 -892705
122 88595
322 -229562
785 319395
460 362630
853 -244633
784 -186681
183 217737
159 -744655
942 298185
78 -818757
56 -887436
718 166736
118 -677507
910 -302856
459 -871404
762 -460720
871 457088
761 965637
45 -536870
968 -346616
468 -636385
519 -576672
872 483401
96 237876
863 -111057
304 -646601
690 -360610
401 -587594
778 -417061
887 581293
229 27116
832 841952
18 -874582
975 923
455 -350703
768 -257215
262 127549
563 -56606
243 872729
485 -388375
408 820408
890 -897940
141 807319
352 -889492
764 406367
566 47980
252 -708569
964 -906106
531 32911
494 -611244
413 -218332
147 -230550
323 18350
547 415583
291 -14509
691 -357132
394 -282555
635 10742
543 -106750
731 -577080
199 531936
137 166380
473 -631718
679 59812
543 464991
278 -887688
228 -183923
726 518059
376 -296077
353 839375
829 -815645
901 -641023
590 539704
142 398997
912 -251153
506 426673
198 -808138
644 147367
732 -805208
25 -702795
301 -896822
426 69962
746 525022
895 -975387
166 -359819
240 -820171
940 57955
973 221025
353 -379592
163 481716
253 -735142
618 431328
452 794458
893 55857
864 945431
442 41294
117 -581616
449 811831
577 -26301
446 -811018
965 -55966
991 879130
831 -350218
535 398570
362 -315384
294 557746
368 -694645
604 -673524
938 -567131
601 -28441
630 897090
415 432260
162 362294
935 420885
925 77107
758 553901
121 414477
986 -56412
457 208080
761 -894752
633 -258470
41 904549
656 432831
196 -534111
502 417829
934 -551121
787 753739
754 -778826
671 -303272
915 -270484
189 -217334
630 -443093
219 640088
332 672069
758 -103530
530 -233489
108 -944371
971 950793
392 -52981
821 833339
74 452137
920 519426
970 4622
35 110323
243 357841
624 -480155
241 -258264
175 559019
459 -802459
540 532830
496 449547
973 941353
573 125182
581 860592
498 -435347
697 38444
565 -323778
366 38279
890 -701292
923 543633
598 -381607
552 235881
682 -959007
424 -643456
321 226740
701 322065
394 627741
493 -344647
56 -201231
520 643080
878 -135398
359 -948408
16 851831
199 822925
637 538140
750 -692747
652 -431807
885 494701
59 -180107
713 687620
54 -950396
698 -318767
719 519916
225 -861962
803 -306477
387 -315937
685 457174
714 263944
954 78555
153 -880936
307 -95049
952 -524121
215 -249835
788 -347348
893 736154
834 -651030
165 -7544
36 -368475
810 -537974
575 580843
744 744921
937 -149151
927 2259
773 162467
204 -863697
388 -538338
688 -131028
28 -546206
914 -936126
940 838649
620 -545626
168 -45705
431 79849
994 -980503
865 -173727
204 666089
510 880319
158 202362
47 763871
487 308692
888 -526731
906 64294
787 845406
414 -287194
862 -273061
250 578453
227 574767
521 -480500
740 544795
280 108805
227 929142
300 626225
73 -397725
906 -122194
775 -410849
749 370651
15 332769
573 984314
584 377999
682 695023
468 -522536
634 692732
385 688475
199 -502859
721 -667331
922 88664
771 -765607
625 -17820
731 -646551
785 -308404
442 -344229
526 -54350
482 -490330
976 -304257
256 -657526
634 475981
775 332523
30 -75293
233 189940
825 -231134
31 -390082
909 -319622
544 203533
959 -753635
338 663056
944 287710
825 -600453
603 -733712
102 -378672
679 -100403
45 68626
159 5505
243 -101573
890 -830363
518 -916305
319 -362040
558 224120
630 -756950
231 92240
693 -492087
956 -245156
488 72480
79 -391612
346 -323235
339 480113
411 82789
879 73476
211 977233
836 -494187
666 137408
570 -640450
647 -287868
705 -587995
64 -123671
849 553649
638 -456969
624 -444970
34 352305
723 -24659
791 -969486
341 -612119
680 436123
452 -679651
5 -307464
282 341880
960 758660
913 -770825
285 -195835
678 -534592
410 812782
271 595720
317 881712
718 -172117
360 46366
959 99623
989 230721
127 -273521
903 889376
79 44049
113 -144884
786 483275
285 780460
780 630702
527 -977001
93 -693678
619 5193
747 793153
744 289241
238 191974
851 -541859
215 405447
84 -691178
512 632311
258 -584041
809 -391448
73 -981105
641 -753749
600 -577919
275 516228
865 544298
754 818136
277 974905
430 -309802
315 -569277
694 -33297
632 -424830
87 525453
24 -969445
613 595103
21 580258
756 792472
847 193840
542 -575459
40 462195
548 -404889
258 -412058
338 229113
387 -949031
335 517657
617 -562795
67 862262
987 79770
32 -12718
321 629926
220 -166100
824 -802403
952 -116664
236 -443359
278 -961937
876 -95521
949 504964
166 -26916
630 -60180
134 487354
225 -224364
408 264206
861 332363
77 441693
186 -693729
7 -432640
360 237529
120 -913651
514 -672663
156 -784123
979 -689829
684 831971
132 -726768
381 -141283
599 -925710
253 -293809
722 697610
67 232907
24 768019
192 -486496
514 -575546
451 -426211
619 104369
883 452956
702 424286
826 955798
443 -596638
109 45151
276 -493416
821 -951583
351 -431851
38 879025
457 -212218
807 329879
603 423524
161 -871385
423 706962
6 -501711
72 -868951
285 -693756
105 -558807
356 -696451
737 256530
238 396166
729 -259070
338 -195379
367 267650
936 727971
244 -228847
650 62136
425 -64576
43 -556709
289 12332
143 -656720
396 156332
46 963796
415 -809020
888 -983961
257 165182
162 -47377
523 516743
832 -772843
252 -850938
397 732513
927 11755
605 -713743
931 620330
569 372744
305 525061
244 -125928
40 -301364
764 603189
172 99503
382 181583
146 -521760
442 791195
359 800121
287 981879
450 -667822
681 223121
506 -97715
448 -60650
938 924377
27 663746
157 408960
106 502912
613 895241
646 3343
337 968062
537 493190
642 482741
984 -875812
87 -361144
216 535020
413 -416803
403 664452
134 -911209
899 222520
188 53710
257 981331
494 -843138
514 45538
412 -197876
701 -116621
804 190605
973 208600
874 951970
205 -451430
335 753834
431 164569
659 566173
659 -976393
917 909866
760 -74883
708 -638380
928 -22199
999 -351960
595 -911401
515 212410
916 277745
724 371429
523 61137
355 573372
356 -549562
179 -977526
692 -689333
178 -615826
439 315538
420 299084
693 -382461
132 -556536
802 886779
543 575320
507 964291
246 -527371
516 -598370
