1000
865259 64636121517 135304206263
171887 285704100696 904385324841
565094 61006527667 400559170506
603759 269943053127 681613719792
596225 1311105723 456611697524
905176 568299757105 884204007976
77541 638788012786 961809733634
740710 32285128474 142348219326
201000 92625438791 485222921464
420620 44639442725 363594889588
163474 181265223422 240694653100
68081 424804512089 838628235552
18753 493408412631 894045054092
7454 384508265186 385463550331
182442 137373623109 946899599332
636965 771287179073 978931752648
921724 286389034060 454899604358
709853 493422123198 954373002288
83086 872763278389 918193688056
231982 383335418170 905188370126
288926 349435745017 812115161371
442638 258194546930 837038600013
810401 539465141039 714157635379
54871 270558348137 801015141628
713113 492019301678 911199419518
561972 127462055972 746569633782
592041 244796261943 829338671519
269360 375097058264 547635920707
395113 12017209081 533627957374
202305 125706713871 758703868914
311562 404106411173 982653666409
721009 342456606767 433963047157
92097 412331526936 556748050358
586582 471367922182 566530903662
524307 145383964008 155522803459
808046 107365222630 868829562140
960388 607499009033 898872462956
2089 360061197100 815436455826
220972 681307011544 773043003322
11267 885718007139 926711395852
517596 11481613923 898643930820
461453 702538473742 760443051672
952157 160933215674 574807133382
792797 369771488378 847993894737
203574 837622583599 917349215239
981695 79661597388 702864476034
268552 170857734722 450073837998
933795 478904175885 507905484583
551810 448432842731 728773135630
393122 607563652885 911568250520
378865 369130347570 499827563089
556640 56032553366 798518233827
880461 183762672519 244622050365
961025 285991151512 350474703654
789765 727983585815 761561614753
577374 68449383828 424060002383
472613 198055747634 254341819402
593417 883933914012 897362158723
864698 443858642766 578975482189
202647 569604080657 584129605211
282051 17374826496 922583987930
429084 511331266557 564251173845
776446 229340069489 299485922644
488758 327350469434 991246050411
881125 784976677405 929414095905
871302 266408333787 418989816548
218842 297827166116 600800830513
611411 587048611048 703507747177
944287 456192174497 511734102773
135620 12846919653 860263426326
885887 25072494301 489182183285
104522 157537750838 887500504365
932611 300058737715 528017878652
562259 755263380529 976810766714
551044 197362196428 340792690109
676466 371053993278 690790056513
432810 198414542196 989152233379
149446 242182017573 946698277049
204834 49370452218 362808052215
793411 575586213853 984840123647
925881 477916144465 678799657026
100504 379033835160 868420645456
526672 721334513702 899500882067
796182 638836271270 775256123309
339988 7204543256 859920170655
359671 333749551139 440802186397
302233 615380819897 856620943349
969373 553945279265 627331250606
177352 372685208695 848147898026
200964 263148897325 567828782353
421604 386683216399 796073766687
61588 509914470942 974794258467
33472 58841272025 546516307398
78553 290597094350 506156766887
668377 274256017205 551488933056
771820 326303505160 789529051523
999647 270306805374 586108716168
37509 401753669441 724021210803
594217 128436451088 266452426914
663812 521497692100 684058104724
535139 417429458542 850526159691
494761 312593024864 339240068932
428404 743268797799 753428886105
363784 695109761027 800865271623
129800 536747002292 755942338966
535248 263923369883 345640124336
587263 202201531990 546168176157
633946 433659453482 858606035919
997704 327205188362 556996562573
827290 685431471583 886410055138
603920 248754585917 618109978209
268612 134488664726 600671432568
376476 332779338355 665930288388
417709 664244834869 884718953374
855061 207092535506 694436272135
884175 514002658908 845377525836
307511 107794250658 194205304649
246300 212821330113 584358562889
220718 162783828158 778705922161
384037 609578639628 646150189235
467138 84277726416 184662866666
480987 312351895408 375617087495
414947 181692615466 309328523470
948512 677227460089 776036925603
7733 900214604039 906727878101
134736 990748526877 991867487650
373162 139187515606 574644066803
233043 611741528991 714271914894
669622 637755648639 781514314207
664353 423627441941 801589898278
512797 634687933559 839943502704
624770 282702491600 371320031327
878684 303279354047 874087426627
295371 205237639958 546811196881
63820 200170986411 311890278569
722470 888752224026 964026956293
320907 537217644180 646370174588
382329 44388507167 605490867123
121156 51289965825 621322981823
913938 643380561875 849804833948
146026 249984624643 876239068402
189636 6876929541 669666858797
258966 481794197692 749944375384
909202 476654948589 890020633769
348501 421503623986 980294680286
448161 107962539664 783592063102
60549 323316491150 749452220171
139389 286597747878 972822600606
873149 426481425749 643272199060
767700 69803470525 339967525281
733150 979190702266 988551216326
398875 399676088608 805673543325
3252 688857771121 804189764566
26879 263316132544 409468279468
765322 185608265133 790923310381
217172 742053148655 779101883672
266420 676846355655 853986768172
632466 77670650957 622776700777
672408 57919443171 689432507294
730149 120965788094 213100152910
731124 586507024821 707045002113
152232 58634343318 148452508375
582905 54690498769 565225826655
726573 407648758911 938150860401
738750 117168680934 971598092757
703825 101915381715 533262125780
543037 415552387923 931567410362
758206 84030199090 627189462567
644775 192834957450 818700429635
942816 105663319885 544014108863
162418 315696065333 587326638834
510524 190816072927 760616342069
584135 64292611433 88082680375
157694 431351574303 859799967035
17557 506230050383 863548717242
436767 101208862777 738944276648
448521 761461671302 975708592448
200453 237064590420 244108554752
58925 217198818089 944607026749
499187 508058568120 823710610470
161931 660828355610 894892517880
367752 114950330459 292959096479
47175 724085725039 777531177355
72674 856732254524 912171938011
686008 417542006831 571268004023
664673 126731946273 197521364768
627046 212030920247 578496275566
106845 242757600085 829943404196
671178 167879742223 820981347686
6847 315798842375 763030373081
122058 363261476676 390922339570
959397 469956774559 560361849365
192175 851264182278 945249458959
698944 577629350276 651200602447
695185 269042246024 550230481004
582773 473311732175 521292186792
149231 324089368108 856390222450
223454 148534534353 158144481405
404375 526958278761 710120960091
464581 51462628663 711886083456
41303 73926934092 680289305796
136568 448631911303 716362881355
682255 632159012868 899077420881
389151 93908908228 115210815098
573307 528097502693 801237716519
918473 515720467717 651281127241
182909 170593956523 464931231512
720783 289115991516 824088751206
182400 63540448446 74553231005
781974 88537972431 267746954916
306760 310986186039 314758647024
542838 26597718761 791263196607
875422 206644532529 822186992651
836501 783732271403 805417259721
271195 244391080175 669526888038
387074 616427488251 773093568029
153028 661958040818 920538828162
338912 176768371716 742732133868
42332 213133842711 434366936343
536785 355454128669 760904848473
990777 686272347505 699550018684
405004 524287378116 737442115189
337302 510689311667 518572508170
994518 110976463387 264219171524
302874 780549355834 801974697610
94461 346211383537 904011180227
754747 762492074861 937441283095
175342 169734948322 678230974241
517405 303161061306 443282645713
92819 124130882408 893189821850
991888 55913425230 907227224595
297654 350035317143 933805790949
257204 210356842503 642120658468
594998 106457632604 156871087893
699563 174491558975 908785943363
362226 475064684343 841364403413
303610 370867484799 396593055225
299210 125711075879 568092284944
23591 710230059148 714213830723
913360 231768286423 495175044354
893652 541735126391 811906237095
42044 354460683537 721919493069
533790 380448278121 427897887385
290685 219952673200 596864115003
952449 54732024608 708512210329
795420 97071635445 814720381684
380645 156251041420 235767985254
165114 493550431716 529379885934
790448 135577314518 497793826760
938314 178040179731 482239899694
272368 514668047409 801313639825
646039 71965243422 991414173704
186481 113328735865 401057364877
498284 40778092985 242284929684
246179 111447966356 980087173370
414849 309973902048 544963527006
911051 463735407397 717597316565
322839 539075792970 673198687179
599493 615922556413 628180733821
653139 711649073983 824868122240
594386 74522783947 312891411433
552202 338745863718 797812307133
959684 159304999850 872460751014
838791 238735295695 856770726347
907593 193473292283 746813628090
448648 89812452922 547247380847
465637 585181859410 927278989074
36242 713555298290 776865146235
485268 47448598533 629759638504
23833 630925785255 908580796515
169893 664514704067 802146859130
260316 197477306794 205650780869
671209 885258141257 908480864508
134069 223617583843 502991965441
231775 29945078921 630551573393
570808 23327101765 990961616494
314775 732655998201 879026980800
288170 714671694679 976555189690
302490 563471565733 600214018511
647812 83964173508 293122757328
910749 557226264186 919625527969
611050 192537065897 255020132311
667160 417851132631 806296187647
435706 195352479590 617223466406
103403 16431453346 850174551346
592390 657254261228 795878281351
197480 542281491216 716389974715
688907 87749491440 365231291353
472052 240598475055 512557623567
208693 179704154269 921386926443
438816 563007767759 919429953024
979597 455837591352 659372272715
419122 772080744463 885948833594
580167 651548860107 916164146513
429814 650677781651 745961339970
545631 63421619710 801639418582
635244 139432761095 404248180419
97410 1416190011 50847622249
956841 345216797384 489769925458
890104 659699109462 681232413633
404275 177103051657 910558456872
886230 281564911070 700718384525
165250 53920307741 925286384079
281182 359400297390 579055137790
133654 643972270277 812210667867
555799 156237460845 191678827485
393524 662354627222 948031241131
779126 157936184849 583182993477
64045 176071987984 842280676664
170745 819207633230 925589976210
46220 650268683052 949328848876
76866 771469551837 802071108430
448468 121735072413 759251485954
850741 63817992431 481867800696
970516 459268832397 847297901109
5764 71224869517 456958444977
734186 75912786504 226578000637
484607 284126895884 883825808362
945320 734978193570 745973618188
488786 250636004546 982401241003
385133 235080717879 882649424878
167838 189258082517 666616822287
870364 900651115469 997904567880
497839 818277420424 826316428331
756314 423823927092 835587759462
397725 329950229450 807331772704
601028 873583070207 906389202247
907766 251675240165 906672607868
570835 568228193336 741834855028
779659 639142349004 787652594538
521520 120259593344 770167681598
939891 14392494255 921734874929
95669 444026714605 837628156242
100241 243919565675 607340967924
372556 241296233584 967010821095
996730 169192713692 531795975706
612571 385667316262 964001230469
677335 227900536054 469732770740
177995 543467756064 557672362653
463677 705912097708 843283640703
571015 172740430010 351752973135
907175 245681719009 648615970564
500615 23717839280 863327736076
657541 356238396561 367863780648
318214 409019276376 676074124232
289212 544952776447 685499368137
842664 483042156626 885681438894
141695 475362659530 537660874994
969678 239987920839 379627940476
982491 439425487533 656230496862
165596 304578873715 426181838862
207894 337824099849 715127500174
543546 86906499558 315122781628
566093 216988981918 804843243667
898895 368832912555 948646346173
790125 39262260824 57926539841
538803 424730488913 581525223088
945565 652632724881 759165537575
842938 109492793380 761879238677
758204 475755601995 873349802537
133829 549646369658 713909677658
342994 370645920860 715820345217
820231 360822724197 973309650460
175158 576255775821 758570774084
415744 351058781365 658502786613
546304 314263362801 783626518198
983730 500213589174 652597746968
533343 107751274006 300561418137
898571 92941044850 976883552186
893 246318761421 326447894420
364601 77891435078 800501117844
957226 552758597680 839764885043
67904 197650189825 882691087273
302634 270906879332 548176579280
565490 787606698321 977541945189
533738 75026426 145352835596
807208 688560316279 850874205355
942265 377793395464 985545181254
759645 223236819096 463088328533
837149 827483359477 910870027592
310497 286671248503 381418557507
214686 220653517823 303122531516
392979 113662579590 798159615454
507181 193901200035 885013928269
870236 25544413658 803631025852
539760 77481701996 777920839887
481054 8665667352 628008103719
588895 537660231698 880027799769
644325 312923735956 714866206591
503312 411194404524 966075254521
349797 540048032155 656120674896
319842 586002224366 812370543653
556877 22102245804 478799799806
122202 210005523772 312844499619
796557 107396450994 355290835146
859949 610171300582 783987387876
106841 250289833928 879385135054
836789 217090852747 410067885648
827860 383161728377 483275937083
445308 13188149031 796257130306
330637 455757252583 787232365201
625526 210265094565 343303376562
971137 281777033761 454110745926
820269 116927196382 930190273767
244052 158862094198 452167226050
515516 30277428541 749073992999
499357 404349759156 756089322848
136628 64545930746 530038345617
990691 204790932238 870462937986
639968 269801794583 848412549085
547557 380924773285 836049119018
451710 458386234540 811567988661
283060 450524815600 837307167694
618826 735805541110 767918505560
249318 764345781051 965543708382
467207 217583385227 407546334486
424887 83023815614 204853885296
58367 389754037987 696639109209
366192 26590734097 168759359486
115372 196939891434 625071520623
773164 194110031791 959517245239
427403 643211892223 791262312778
80270 737259833899 934650389601
237964 595857195246 617697376841
705994 168565501310 867886234532
571927 86832886575 541966065626
981486 206293068682 459420764155
440326 183568150516 485683048971
789296 462933262725 995143666826
296337 12843115749 244298889490
421144 162706419203 794617586091
456902 219596226241 789436744019
964117 220240016015 900402389230
833571 662340939671 900320587475
675525 508236948597 522139483335
759250 283655643857 435935546444
773400 804411547573 869811463455
472224 464030633730 470920885897
998154 186275474319 373594972700
750574 68429737454 677102650028
24813 497029211530 908950565692
353681 410178061591 517853091139
774658 172569343961 717216867726
959743 449321149321 643778227305
268815 397765501730 942161748613
482386 82892968957 318359468764
924550 154793527352 521161324711
784472 214070862039 788445746116
340344 438692505484 473735446416
178271 46672944090 421734729718
871749 750932411492 985349877480
306233 208139027211 891240843743
365817 456968370829 903139545434
941206 93048838245 784864429396
663412 341798363670 384180041571
964057 740641777291 757183311694
345210 277091380033 517712691229
387096 625664210636 947702716317
214881 48776318022 240734924440
932622 375171480470 500315491760
221153 323395665607 863884295824
938707 678077371633 877967409008
865231 761449015732 823675437706
603683 474551354330 513515251922
612415 306048739460 730730734818
548838 605336145152 785574545110
418531 450552336647 739606678903
78489 18533094559 106455177167
970180 428465043784 448666932254
62100 339091305511 749504901622
949355 183215230217 366158406880
837786 749322956570 774862048691
538045 683771335231 742992462044
624372 138627181340 150089418292
30249 436260416715 501562769114
778638 589128225059 762862407430
746599 119393460646 945015448551
562781 202525766386 960262837750
377369 109325161354 213399494003
119844 164861347121 505815313338
878837 171037458342 923452914901
258741 343139415439 557349798143
686672 314695419955 368155515473
856925 335814186777 538885187973
222822 104478992557 556118092680
809813 199803581319 633454022180
165843 328767306519 773919912887
49360 437996064056 671589917534
456113 491438577966 718303823133
542984 218802532819 641438948275
141349 487722305355 521005665386
591493 327085554092 470802507035
622623 73741909704 624603650196
151035 106369698874 563363517099
202043 110270637460 775964930007
970137 380241167971 782892735053
871300 30297308725 168646233215
185088 392890305625 960601946575
348541 131367304074 518344293676
58703 17003895029 668507272967
807610 53054700365 65550868611
257066 618930095492 931142567748
92387 246310230062 866371141382
337170 615616770033 675467020990
342907 567980129910 657920256701
161273 471379097954 802143193314
466795 601739075506 731362630704
883699 409955830114 606115542408
600949 485425854779 837249598711
515991 362303712109 511524269419
592846 607090189481 738231001635
221350 163871299824 355422871787
926867 158559005178 952026090781
615819 153528535378 284625345122
370102 764081326065 844733941930
207011 74968761950 366972772408
789810 27578767030 709188336070
668604 27857679883 583056785427
350216 874413044319 931172261400
593515 9238175995 421161993906
15782 529477846941 871563802174
847528 653250193071 716612651281
815028 574836897959 914686590597
819692 390869886240 520620226306
54930 26042084167 189017976498
709872 305925940404 955922042328
972326 273215436764 302622129093
265274 195623134994 419914061169
560531 70600214160 996836916531
214536 851960893003 880943422270
681036 258865805342 559513533675
957990 322641382609 682877013922
923089 126189701704 992894769188
448799 34434460983 259547438848
332963 506603546833 856365806288
579480 196637415202 507381680673
344838 93142395412 339587804727
905434 174812949109 382484935383
499882 370757107526 840286308683
120177 775016846954 923771933060
319168 480203057166 877571197746
822970 748580332969 940677979951
439831 833956509131 860367519976
934676 179453523749 512545741635
300146 222163181402 862805687908
747755 534950406791 720693685064
731453 183514662778 426769741465
476633 210523278978 251170462180
628917 548708202304 872130700969
621451 733252054765 733633436825
563651 277180672222 570633344397
56169 357954706019 383253535588
202846 273116877050 405893424194
535905 84327932587 770493654665
880529 11153138110 734527409717
768979 427352758964 601324892357
594299 284378719717 647504848738
867086 444884391144 490190635327
464567 719651234403 932739860747
215779 328160065017 558347817162
947360 450012062303 965431121623
53652 145215806777 412346582650
149118 25313479247 931179170705
874539 601152401940 901705121251
400438 59504921450 433578072623
509434 132610241675 755821434888
943096 162101010405 571655006096
130817 463799960466 972131029671
74079 126182782747 279581886910
563361 527267432540 937210344225
704573 275750999450 825426901231
234134 639342904498 930494733580
49827 275995031458 299494288941
934505 496218620718 881918360605
781007 632183897038 855094267705
680275 534962573300 632068906875
167796 494322791083 915585541334
539156 617932903742 811750892707
314665 21888500421 757748072734
463056 588899992444 663615539651
137837 639917732247 709932037576
576589 379892680658 936917302999
106100 947621294125 971114154430
976526 399021368476 737127349375
261270 457887738085 623669833943
233057 161992616963 906541000804
36606 331184811143 394873065868
947409 524038074391 536714980924
171058 313545498942 571414109917
364434 105007014059 684427039167
338563 202905629603 618394316590
51158 642788561771 929233886510
381609 492095476010 581769601154
656505 84001346083 715802737494
244060 104894899208 744320758521
480342 217837668652 773986982109
854275 29852522069 425921504496
232772 807461759237 892836730408
17177 554484139496 671735433195
78415 199347148843 903202444193
319753 20156477987 59623129198
518236 702881498829 851634772519
512169 763980419630 835071484547
783087 207953370125 604832062753
401675 149926336664 712327175483
124876 73929590309 238217551182
478712 329996860286 580760327507
400373 8735439830 614395227363
599899 211336200282 541711679643
248354 286990432411 975264063317
87372 267245359801 723675912754
154177 897978456083 994382351725
504624 33693488907 475165322602
907904 181931192440 979838309275
831179 190601379134 658366964242
157625 700576022169 882966250086
673281 491888748677 579551795637
81190 208050743866 836266631367
443804 79723606866 921821587839
879009 212635598464 870587770653
136418 238273633255 287594186613
789953 649253730579 699634999239
518323 774252277446 884002817380
28611 472583178513 912033079624
534597 207439265028 663485113440
923537 26865411673 387770689451
173175 282933778934 880424148241
290912 517430692896 612364009361
788818 107139585708 565762748606
970514 431429147262 720197933148
588225 752816915308 947326408873
785440 798418415667 973495229259
555956 473775169892 875473934577
931124 277264333873 561760550984
525532 141542266235 958120397429
92967 245903737525 768823418805
40398 809367514463 988030730660
604103 191122182 756882144921
885635 49985869967 576897843488
549831 498338853617 808773624951
145209 359621610898 514927164693
120985 28215139520 336453374928
50916 106171120928 499532755670
996377 492298550748 640816549271
660968 714227642542 779704666962
984477 552393697875 562309827807
149946 623500821203 719898149239
275224 671178792257 799773405653
329501 48691339628 974123429606
825348 480218080514 608090977408
700991 473509445507 493089586120
898178 494855813011 506893654292
157204 47672472729 469535802365
82435 208886090781 315820798910
453790 275960035839 538527688244
943536 397399056223 782940317977
313010 342027836718 734766614950
356835 524559845652 822630737904
476039 771867067761 819152696718
602990 541218147284 581477134055
177080 549119419901 767447254329
740648 33596163801 685354957938
343922 112973411905 345025062919
291258 287197631790 849967651659
219370 108554609275 834306834523
232724 279232069065 668315482809
173596 274101733678 965462766422
526217 255657911657 567649332323
420032 302106749678 697608863315
687263 479197451885 844812305517
535331 69927651588 444664082947
760026 3604295943 781601913749
758900 836702165645 984063817414
370873 253909857061 480849662514
104124 210835676662 314261157140
459385 339886683686 757841702993
986219 16578474887 770590275764
30168 696425698364 944203040108
479257 378702762972 725068318540
99018 828357072863 973753359071
218735 42440062486 465153708117
331327 443012448818 941136124143
849944 191939523895 447472932031
128572 764567612483 966534340943
320416 496860521519 870337021400
156146 461878454323 604913432539
891213 396790584081 991076791368
267044 624550493988 827151873439
173895 552961924117 939674576939
930367 112855498429 431278039846
138439 38441508621 573896824908
569641 618801312130 904935639737
774365 471132817846 820236644364
729706 376552283470 617476925542
679920 47889901042 274502479085
548907 684612476508 991827262132
289479 96120602232 594500737810
708506 368961540300 388817217997
597706 1603757896 574480535149
166419 648959471872 726942266342
785637 222948766402 524762179623
325512 220186474640 505090777291
924086 103216402600 460674599866
889354 262481373480 401785314260
781146 48451315432 399972390775
819610 232855706609 255064416286
349227 633610660772 959138685320
993063 192958117229 571716255477
335717 761665869181 936469153823
891310 74148405885 186360730530
420023 119202540953 924368303262
379655 87104984474 799955925758
954169 158394507968 487230582768
785544 218126111124 627208157392
831835 593173226679 776300196968
970478 603221481192 918627182069
676593 11105233272 58111290729
198915 317838955995 702535300218
541002 187963181794 902198930563
769895 121891014746 410013891644
18027 74861150149 395034178985
919986 730563812543 852384469494
389979 26710582569 311977316677
975811 104275894731 146172013871
157572 775937916003 860512078070
366177 8766848124 413017746465
105336 239861772756 698959179450
936874 196041309115 776819990996
515013 844500569431 998697332596
705518 627453252545 765039902391
491557 176795483660 581910705981
310800 295397117886 435668537731
870907 193084310095 503692132575
245370 684790145123 686218435169
539813 354373167311 992267248007
749074 102311234490 355373745175
410044 209104694011 598645485914
610076 747925617709 968276635686
887593 154429793936 915032762166
263501 750346869845 932227554430
339014 680141355071 731312346598
787590 246401538793 841240540151
532142 938383601438 976915160455
179802 331134595091 385822392057
801121 314143171584 590925732016
173900 201017641543 323818460742
699817 407159903260 845505955295
48998 552664567847 851758990285
319565 239177843543 376958313804
674279 298280959675 365379824515
474795 470922451339 745518032359
956584 282030763940 323025724272
49933 761460993635 955745911865
153123 79803695948 503088923766
695225 573690140821 879170474073
1551 207900620311 922830968294
826112 303738979192 571512602222
380724 286602353472 571379003296
216062 357954155278 449887956867
113592 422890624878 984036517692
527987 533253232811 700330222738
785716 102907222902 808707016944
563941 157146773405 181757356753
709213 127794193665 404140985144
925132 409119979771 492029364202
367477 781046014245 785841714869
507450 689747997028 749874596460
451674 247471707915 890331607735
870240 317809930730 662057615338
757344 706574068776 762282692828
978753 241694973522 648115034063
135377 603538499106 731469347018
230560 52986050649 589318567726
933184 263709554986 739744112795
817699 63951502864 117007084590
761841 611477113909 844183331146
858944 7711326478 28868927269
714084 393208521653 771024311943
431444 202205894602 502721727725
757262 35756690754 889372442055
21396 113573631301 449975579532
569024 342505419013 793803165420
794738 375744648410 598697845805
574408 223412759049 975209237615
995975 518225842355 585917136355
139083 132049654580 926301577716
955705 351636137780 666091936981
875836 765534879550 809977621293
722787 45055929033 772698266620
652445 39923388097 560693744220
37125 26456114108 803909673340
454906 50736713228 212637120298
112547 180887131103 581255702689
596741 433475595984 486613704018
915126 646263251595 928245022376
217374 555853427151 866168545256
83050 43669266704 665762149828
385039 430812951985 855824823563
943345 160223023468 552073053673
434027 247509262120 437463934711
326962 67256428888 758580424311
630162 475767480236 824827364292
673014 135342625221 292125543673
730811 360704767865 922785919547
713230 225830528573 508222523379
783063 195925892524 661559755780
511854 615879167587 899644609199
755979 246455930602 997063505230
286497 87209112586 905020647684
965753 9946583831 797919878759
638925 227403982450 324449960268
539862 390381581911 855494616035
712777 189656143596 356715317569
342139 604892060636 707784223688
95924 664973607609 907440488576
349472 67140778724 836325926222
927646 473610602342 737935649569
483371 57740702300 327768445058
665622 586130906654 661640444109
363001 122746883629 736854281060
872335 665661052096 693229635668
612401 362838451422 913325898846
490760 342240874945 762734155738
850825 444847447997 975514743300
441686 418737722436 478050195512
942542 50217070428 737086604686
600485 440504477019 967336467295
644561 188043308131 542498757924
52368 226426945758 315635317278
521769 167636986880 197263581419
875977 33653614969 156690410781
598544 450845422107 934041077484
814961 140477285932 278917225032
35475 645613499918 961008880796
862501 159659197701 298021318770
836246 264468924378 487821074312
645359 672031757021 969553068342
43503 168911241188 817929437490
745909 147790871959 491061114980
893138 86148431438 96767925402
3532 537492679036 793961927600
419061 174928410775 974826232975
941426 412897975779 572224903154
383740 56806677766 747632870895
343688 691502121397 819561278157
887627 359460905172 940404857154
330813 410254128512 860916562601
137237 62120634987 925414315945
966382 13647857567 858479983485
87910 190073567297 494628485747
255605 259964927109 579531667104
161294 444599294368 455720834650
930074 84218348946 127839494930
157637 552548170454 798588299582
731726 36253200491 57184910185
825534 190494612304 440168373067
787812 765393802572 929025491022
645095 757331708561 904577369378
493904 53411046244 231941079290
200516 328536455946 515037391086
37037 719359320801 734143188068
204816 145329260447 837364754179
461985 202578728290 471184553695
921476 181616189332 841617238636
795719 314406673049 868090214453
10873 82526556933 740693652494
812301 122475017885 206579875608
325191 351367941731 557925603545
704711 484173489292 668283185443
864835 58312415779 960883288796
78628 37569372209 712078629782
463517 799074965010 810424196051
833513 289515990663 701384914798
611504 509776716816 914095745971
339708 345921202473 658313504280
38013 167989201801 750734805781
64678 149700706328 476836335934
578900 225501278917 570912081798
179064 582671386695 874228356347
46179 831391202142 975105805953
971452 273724601233 792202397999
138444 87387998598 697011721383
264598 157785871603 398846773838
239494 443725343853 470763232932
79132 824584217249 922097999940
673013 685344727446 724900459063
654993 171378823364 647559996146
639149 173803992477 353909198905
913161 662849894255 755902801430
856465 526356696845 989683022601
170695 246411202126 909984197172
835572 401577662801 997910476938
490448 541516968312 563260334970
244234 147546040840 558424984438
113869 15959788228 184319286853
274408 192458186864 910029993023
857462 304359694342 787899665390
500083 869250095053 876603163480
961245 184926649073 863565508111
515203 279861832229 333245380521
515746 52134634847 127165511584
335928 237382499362 278489112970
817967 166507459919 401514356655
894172 273238448440 705401406293
245753 605073061734 730468252807
197379 174143753435 331987200527
153347 520710245994 930259409448
139365 222863641267 670171936338
68583 347208422506 376733396092
585995 670367848921 749439224339
701829 415870115497 834329344530
892472 788509280676 904881412183
273863 332348033006 590850991264
209351 3346179345 84772686728
993707 3080405541 834209842741
545367 319865992397 376290026378
115868 420635448235 695393167915
536795 427727917292 937005511380
359456 7021125922 280964593488
42389 62255772409 902871518704
845376 88659356885 117640811814
289667 605742792628 830149125141
432597 616813877742 986999700898
193967 476017817620 821660754269
386729 590654508815 821435303574
442926 121235760669 959611282136
196311 270103901334 300240194149
186706 253160808801 853101571244
262943 321594447902 512776715495
634580 281180996873 433247122230
109195 789760045083 889979427686
999704 304630826787 979425485080
864067 646811922524 821822263149
555149 629381799407 991479996125
6627 634780270750 958517850959
981872 424646356103 885425095031
248245 215793219689 313059952478
945084 544624367363 653797459730
898837 9668688961 823056703096
917806 780636155337 791376049024
427453 224174706394 507916103193
755459 79689846861 585670787074
131915 428694539022 853803151661
195965 25142276534 673212069182
819420 248794369529 458286534278
326945 250175741922 885142418266
927517 157634819080 975327411857
18977 91367675427 760139101508
51080 714728254877 949715775507
655506 285012592052 824063489035
345311 129568782941 755216840866
496013 33388792757 202842521073
258902 149569815018 988537329166
917573 255518696827 991023058345
745975 144979898314 665814969188
903889 417855924370 544782774641
89457 345397818347 481652950063
883695 36620118575 221104789840
873808 693956400712 791886957197
677926 83210954959 461162566321
690369 45758859891 566963230437
835598 548097912451 895168304241
693189 169599056910 923439871261
495947 34819103384 459654638990
905094 365946281846 807354728873
625916 77291586551 514895770733
502104 418354107629 906125947612
691833 598601049996 614606692733
64196 623777632082 762708380482
730755 675463986185 785347660087
106451 161205762984 673328727686
956917 241003885669 929161544432
752591 62997204089 932163009092
800052 299658099404 699818592083
370934 209924365999 737147025538
299942 253633445504 550756238351
479697 578043918551 759707408454
869973 439837452832 648052220094
108431 40459126816 888707481595
583522 284560648691 382066080396
512952 179298465132 198011751696
538639 664677054557 975380856981
688810 706726287595 789772010547
437305 460284606846 661753037172
885953 12970632423 344917746360
663673 645087777346 966227380485
811733 391969657812 700460073973
301498 141872186955 615729500814
867605 93566876901 704628690265
940865 301760526662 529289817409
393908 169912401558 743857244868
168315 556337623386 739877137577
81483 214320762606 361867357402
514309 220880273888 556588558073
991059 85146143060 715463632425
533287 92032888399 321087621099
670852 118009161863 984630171030
272932 488975643395 881866231940
983249 647891287487 847441689509
97721 89326294020 482397253451
