1000 66
648 879 5
434 370 4
359 71 6
848 757 1
304 628 1
853 875 8
675 689 3
466 67 5
542 470 6
809 373 6
135 70 4
767 309 8
727 58 0
566 342 0
527 699 3
669 849 1
794 246 7
451 549 3
495 247 2
724 840 0
259 721 5
98 508 5
924 897 8
89 187 6
908 112 6
954 686 2
687 90 9
583 283 0
911 733 0
631 465 5
327 188 6
114 839 1
690 445 6
453 972 0
734 950 1
169 590 8
609 503 6
248 861 1
569 100 1
509 591 6
247 667 7
314 214 5
512 97 5
822 716 0
973 483 2
197 386 6
813 337 6
101 73 4
227 278 4
951 184 2
373 703 1
831 813 5
397 689 8
667 360 6
98 26 4
134 230 7
774 897 3
478 808 1
217 595 6
610 548 8
53 622 6
575 241 1
872 303 0
343 233 5
968 8 1
874 937 6
